770 1461 1347 1420 1747 2120 1395 2559 
2155 2474 2375 1682 1066 2591 2100 1548 
941 1706 1317 574 1145 1461 1147 558 
152 733 2189 2227 2448 1374 1814 2011 
983 2280 1322 987 1614 1973 578 2206 
1539 1633 1348 2292 1658 1895 1675 2131 
1109 1751 1742 1791 2256 1250 2878 2221 
1553 2032 2215 2193 267 1822 810 917 
962 1451 1532 1668 686 1210 1280 1686 
2104 1942 1428 882 1631 2854 1302 951 
1759 1309 1539 2162 2656 2315 2025 1442 
1883 2132 2423 1797 544 1428 2035 1962 
1227 1583 579 544 1220 2062 759 422 
1104 542 1132 1217 1630 1226 2674 2126 
1472 1558 480 967 2297 1472 1038 821 
870 637 2556 2134 2038 1484 1943 1739 
1545 1002 2557 764 2933 1211 2813 1045 
1373 1551 2557 1024 496 1236 905 935 
1299 1467 1758 485 935 1513 1564 2465 
1216 1040 1607 1213 2059 2675 1687 1913 
